#Layer_Color=9474304
#
#Feature symbol names
#
$0 r5

#
#Feature attribute names
#

#
#Layer features
#
L -0.0050214 0.1027254 -0.0050214 0.1427254 0 P 0
L -0.0062027 0.0771348 -0.0062027 0.1171348 0 P 0
L -0.0450214 0.1027254 -0.0050214 0.1027254 0 P 0
L -0.0450214 0.1027254 -0.0450214 0.1427254 0 P 0
L -0.0450214 0.1427254 -0.0050214 0.1427254 0 P 0
L -0.0462027 0.0771348 -0.0062027 0.0771348 0 P 0
L -0.0462027 0.0771348 -0.0462027 0.1171348 0 P 0
L -0.0462027 0.1171348 -0.0062027 0.1171348 0 P 0
L -0.0597244 0.1256693 -0.0597244 0.1656693 0 P 0
L -0.0756693 0.0183261 -0.0756693 0.0583261 0 P 0
L -0.0843307 0.1280315 -0.0843307 0.1680315 0 P 0
L -0.0951575 -0.0150787 -0.0951575 0.0249213 0 P 0
L -0.0997244 0.1256693 -0.0597244 0.1256693 0 P 0
L -0.0997244 0.1256693 -0.0997244 0.1656693 0 P 0
L -0.0997244 0.1656693 -0.0597244 0.1656693 0 P 0
L -0.1020472 0.081378 -0.1020472 0.121378 0 P 0
L -0.1109055 0.1276378 -0.1109055 0.1676378 0 P 0
L -0.1156693 0.0183261 -0.0756693 0.0183261 0 P 0
L -0.1156693 0.0183261 -0.1156693 0.0583261 0 P 0
L -0.1156693 0.0583261 -0.0756693 0.0583261 0 P 0
L -0.1243307 0.1280315 -0.0843307 0.1280315 0 P 0
L -0.1243307 0.1280315 -0.1243307 0.1680315 0 P 0
L -0.1243307 0.1680315 -0.0843307 0.1680315 0 P 0
L -0.1351575 -0.0150787 -0.0951575 -0.0150787 0 P 0
L -0.1351575 -0.0150787 -0.1351575 0.0249213 0 P 0
L -0.1351575 0.0249213 -0.0951575 0.0249213 0 P 0
L -0.1420472 0.081378 -0.1020472 0.081378 0 P 0
L -0.1420472 0.081378 -0.1420472 0.121378 0 P 0
L -0.1420472 0.121378 -0.1020472 0.121378 0 P 0
L -0.1509055 0.1276378 -0.1109055 0.1276378 0 P 0
L -0.1509055 0.1276378 -0.1509055 0.1676378 0 P 0
L -0.1509055 0.1676378 -0.1109055 0.1676378 0 P 0
L -0.1532283 -0.0337795 -0.1532283 0.0062205 0 P 0
L -0.1532283 0.1266535 -0.1532283 0.1666535 0 P 0
L -0.1561811 0.0292126 -0.1561811 0.0692126 0 P 0
L -0.1601181 0.1709449 -0.1601181 0.2109449 0 P 0
L -0.1679921 -0.0713158 -0.1679921 -0.0313158 0 P 0
L -0.1729134 -0.0449226 -0.1729134 -0.0049226 0 P 0
L -0.1857087 0.0616929 -0.1857087 0.1016929 0 P 0
L -0.1925984 -0.0798425 -0.1925984 -0.0398425 0 P 0
L -0.1932283 -0.0337795 -0.1532283 -0.0337795 0 P 0
L -0.1932283 -0.0337795 -0.1932283 0.0062205 0 P 0
L -0.1932283 0.0062205 -0.1532283 0.0062205 0 P 0
L -0.1932283 0.1266535 -0.1532283 0.1266535 0 P 0
L -0.1932283 0.1266535 -0.1932283 0.1666535 0 P 0
L -0.1932283 0.1666535 -0.1532283 0.1666535 0 P 0
L -0.1961811 0.0292126 -0.1561811 0.0292126 0 P 0
L -0.1961811 0.0292126 -0.1961811 0.0692126 0 P 0
L -0.1961811 0.0692126 -0.1561811 0.0692126 0 P 0
L -0.1985039 0.1463386 -0.1985039 0.1863386 0 P 0
L -0.1995175 -0.1101453 -0.1995175 -0.0701453 0 P 0
L -0.2001181 0.1709449 -0.1601181 0.1709449 0 P 0
L -0.2001181 0.1709449 -0.2001181 0.2109449 0 P 0
L -0.2001181 0.2109449 -0.1601181 0.2109449 0 P 0
L -0.2005088 -0.0618445 -0.2005088 -0.0218445 0 P 0
L -0.2014567 0.0459449 -0.2014567 0.0859449 0 P 0
L -0.2079921 -0.0313158 -0.1679921 -0.0313158 0 P 0
L -0.2079921 -0.0713158 -0.1679921 -0.0713158 0 P 0
L -0.2079921 -0.0713158 -0.2079921 -0.0313158 0 P 0
L -0.2129134 -0.0049226 -0.1729134 -0.0049226 0 P 0
L -0.2129134 -0.0449226 -0.1729134 -0.0449226 0 P 0
L -0.2129134 -0.0449226 -0.2129134 -0.0049226 0 P 0
L -0.2257087 0.0616929 -0.1857087 0.0616929 0 P 0
L -0.2257087 0.0616929 -0.2257087 0.1016929 0 P 0
L -0.2257087 0.1016929 -0.1857087 0.1016929 0 P 0
L -0.2268978 0.1197638 -0.2268978 0.1597638 0 P 0
L -0.2325984 -0.0398425 -0.1925984 -0.0398425 0 P 0
L -0.2325984 -0.0798425 -0.1925984 -0.0798425 0 P 0
L -0.2325984 -0.0798425 -0.2325984 -0.0398425 0 P 0
L -0.2367925 -0.1245654 -0.2367925 -0.0845654 0 P 0
L -0.237874 0.1406299 -0.237874 0.1806299 0 P 0
L -0.2385039 0.1463386 -0.1985039 0.1463386 0 P 0
L -0.2385039 0.1463386 -0.2385039 0.1863386 0 P 0
L -0.2385039 0.1863386 -0.1985039 0.1863386 0 P 0
L -0.2395175 -0.0701453 -0.1995175 -0.0701453 0 P 0
L -0.2395175 -0.1101453 -0.1995175 -0.1101453 0 P 0
L -0.2395175 -0.1101453 -0.2395175 -0.0701453 0 P 0
L -0.2405088 -0.0218445 -0.2005088 -0.0218445 0 P 0
L -0.2405088 -0.0618445 -0.2005088 -0.0618445 0 P 0
L -0.2405088 -0.0618445 -0.2405088 -0.0218445 0 P 0
L -0.2414567 0.0459449 -0.2014567 0.0459449 0 P 0
L -0.2414567 0.0459449 -0.2414567 0.0859449 0 P 0
L -0.2414567 0.0859449 -0.2014567 0.0859449 0 P 0
L -0.2429418 -0.0170596 -0.2429418 0.0229404 0 P 0
L -0.2471633 0.1083488 -0.2471633 0.1483488 0 P 0
L -0.2602005 0.0183261 -0.2602005 0.0583261 0 P 0
L -0.2614961 0.1355118 -0.2614961 0.1755118 0 P 0
L -0.2624091 -0.116351 -0.2624091 -0.076351 0 P 0
L -0.2668978 0.1197638 -0.2268978 0.1197638 0 P 0
L -0.2668978 0.1197638 -0.2668978 0.1597638 0 P 0
L -0.2668978 0.1597638 -0.2268978 0.1597638 0 P 0
L -0.2726657 -0.0315569 -0.2726657 0.0084431 0 P 0
L -0.2767925 -0.0845654 -0.2367925 -0.0845654 0 P 0
L -0.2767925 -0.1245654 -0.2367925 -0.1245654 0 P 0
L -0.2767925 -0.1245654 -0.2767925 -0.0845654 0 P 0
L -0.2774592 0.0537117 -0.2774592 0.0937117 0 P 0
L -0.277874 0.1406299 -0.237874 0.1406299 0 P 0
L -0.277874 0.1406299 -0.277874 0.1806299 0 P 0
L -0.277874 0.1806299 -0.237874 0.1806299 0 P 0
L -0.2802886 -0.124597 -0.2802886 -0.084597 0 P 0
L -0.2829418 -0.0170596 -0.2429418 -0.0170596 0 P 0
L -0.2829418 -0.0170596 -0.2829418 0.0229404 0 P 0
L -0.2829418 0.0229404 -0.2429418 0.0229404 0 P 0
L -0.2871633 0.1083488 -0.2471633 0.1083488 0 P 0
L -0.2871633 0.1083488 -0.2871633 0.1483488 0 P 0
L -0.2871633 0.1483488 -0.2471633 0.1483488 0 P 0
L -0.2899244 0.0038287 -0.2899244 0.0438287 0 P 0
L -0.3002005 0.0183261 -0.2602005 0.0183261 0 P 0
L -0.3002005 0.0183261 -0.3002005 0.0583261 0 P 0
L -0.3002005 0.0583261 -0.2602005 0.0583261 0 P 0
L -0.3012266 -0.0798675 -0.3012266 -0.0398675 0 P 0
L -0.3014961 0.1355118 -0.2614961 0.1355118 0 P 0
L -0.3014961 0.1355118 -0.3014961 0.1755118 0 P 0
L -0.3014961 0.1755118 -0.2614961 0.1755118 0 P 0
L -0.3024091 -0.076351 -0.2624091 -0.076351 0 P 0
L -0.3024091 -0.116351 -0.2624091 -0.116351 0 P 0
L -0.3024091 -0.116351 -0.3024091 -0.076351 0 P 0
L -0.3071831 0.0392143 -0.3071831 0.0792143 0 P 0
L -0.3126657 -0.0315569 -0.2726657 -0.0315569 0 P 0
L -0.3126657 -0.0315569 -0.3126657 0.0084431 0 P 0
L -0.3126657 0.0084431 -0.2726657 0.0084431 0 P 0
L -0.3174592 0.0537117 -0.2774592 0.0537117 0 P 0
L -0.3174592 0.0537117 -0.3174592 0.0937117 0 P 0
L -0.3174592 0.0937117 -0.2774592 0.0937117 0 P 0
L -0.3190588 -0.1115664 -0.3190588 -0.0715664 0 P 0
L -0.3202886 -0.084597 -0.2802886 -0.084597 0 P 0
L -0.3202886 -0.124597 -0.2802886 -0.124597 0 P 0
L -0.3202886 -0.124597 -0.3202886 -0.084597 0 P 0
L -0.3284252 0.0134646 -0.3284252 0.0534646 0 P 0
L -0.3299244 0.0038287 -0.2899244 0.0038287 0 P 0
L -0.3299244 0.0038287 -0.3299244 0.0438287 0 P 0
L -0.3299244 0.0438287 -0.2899244 0.0438287 0 P 0
L -0.3331802 -0.150868 -0.3331802 -0.110868 0 P 0
L -0.3391978 -0.0379389 -0.3391978 0.0020611 0 P 0
L -0.3409363 0.0895588 -0.3409363 0.1295588 0 P 0
L -0.3412266 -0.0398675 -0.3012266 -0.0398675 0 P 0
L -0.3412266 -0.0798675 -0.3012266 -0.0798675 0 P 0
L -0.3412266 -0.0798675 -0.3412266 -0.0398675 0 P 0
L -0.3471831 0.0392143 -0.3071831 0.0392143 0 P 0
L -0.3471831 0.0392143 -0.3471831 0.0792143 0 P 0
L -0.3471831 0.0792143 -0.3071831 0.0792143 0 P 0
L -0.3560826 0.0442745 -0.3560826 0.0842745 0 P 0
L -0.3590578 0.0818083 -0.3590578 0.1218083 0 P 0
L -0.3590588 -0.0715664 -0.3190588 -0.0715664 0 P 0
L -0.3590588 -0.1115664 -0.3190588 -0.1115664 0 P 0
L -0.3590588 -0.1115664 -0.3590588 -0.0715664 0 P 0
L -0.3605824 -0.1620431 -0.3605824 -0.1220431 0 P 0
L -0.3609055 0.0105118 -0.3609055 0.0505118 0 P 0
L -0.366811 -0.0485433 -0.366811 -0.0085433 0 P 0
L -0.3684252 0.0134646 -0.3284252 0.0134646 0 P 0
L -0.3684252 0.0134646 -0.3684252 0.0534646 0 P 0
L -0.3684252 0.0534646 -0.3284252 0.0534646 0 P 0
L -0.3731802 -0.110868 -0.3331802 -0.110868 0 P 0
L -0.3731802 -0.150868 -0.3331802 -0.150868 0 P 0
L -0.3731802 -0.150868 -0.3731802 -0.110868 0 P 0
L -0.3791978 -0.0379389 -0.3391978 -0.0379389 0 P 0
L -0.3791978 -0.0379389 -0.3791978 0.0020611 0 P 0
L -0.3791978 0.0020611 -0.3391978 0.0020611 0 P 0
L -0.3796063 -0.0701969 -0.3796063 -0.0301969 0 P 0
L -0.3809363 0.0895588 -0.3409363 0.0895588 0 P 0
L -0.3809363 0.0895588 -0.3809363 0.1295588 0 P 0
L -0.3809363 0.1295588 -0.3409363 0.1295588 0 P 0
L -0.3862583 -0.1767566 -0.3862583 -0.1367566 0 P 0
L -0.3960826 0.0442745 -0.3560826 0.0442745 0 P 0
L -0.3960826 0.0442745 -0.3960826 0.0842745 0 P 0
L -0.3960826 0.0842745 -0.3560826 0.0842745 0 P 0
L -0.3990578 0.0818083 -0.3590578 0.0818083 0 P 0
L -0.3990578 0.0818083 -0.3990578 0.1218083 0 P 0
L -0.3990578 0.1218083 -0.3590578 0.1218083 0 P 0
L -0.4005824 -0.1220431 -0.3605824 -0.1220431 0 P 0
L -0.4005824 -0.1620431 -0.3605824 -0.1620431 0 P 0
L -0.4005824 -0.1620431 -0.4005824 -0.1220431 0 P 0
L -0.4009055 0.0105118 -0.3609055 0.0105118 0 P 0
L -0.4009055 0.0105118 -0.4009055 0.0505118 0 P 0
L -0.4009055 0.0505118 -0.3609055 0.0505118 0 P 0
L -0.4064228 -0.08781 -0.4064228 -0.04781 0 P 0
L -0.406811 -0.0085433 -0.366811 -0.0085433 0 P 0
L -0.406811 -0.0485433 -0.366811 -0.0485433 0 P 0
L -0.406811 -0.0485433 -0.406811 -0.0085433 0 P 0
L -0.4115214 -0.0558017 -0.4115214 -0.0158017 0 P 0
L -0.4196063 -0.0301969 -0.3796063 -0.0301969 0 P 0
L -0.4196063 -0.0701969 -0.3796063 -0.0701969 0 P 0
L -0.4196063 -0.0701969 -0.4196063 -0.0301969 0 P 0
L -0.4196447 0.0713153 -0.4196447 0.1113153 0 P 0
L -0.4238976 -0.0072047 -0.4238976 0.0327953 0 P 0
L -0.4248819 -0.0327953 -0.4248819 0.0072047 0 P 0
L -0.4262583 -0.1367566 -0.3862583 -0.1367566 0 P 0
L -0.4262583 -0.1767566 -0.3862583 -0.1767566 0 P 0
L -0.4262583 -0.1767566 -0.4262583 -0.1367566 0 P 0
L -0.4455512 -0.0180315 -0.4455512 0.0219685 0 P 0
L -0.4464228 -0.04781 -0.4064228 -0.04781 0 P 0
L -0.4464228 -0.08781 -0.4064228 -0.08781 0 P 0
L -0.4464228 -0.08781 -0.4464228 -0.04781 0 P 0
L -0.4505447 0.0448598 -0.4505447 0.0848598 0 P 0
L -0.4515214 -0.0158017 -0.4115214 -0.0158017 0 P 0
L -0.4515214 -0.0558017 -0.4115214 -0.0558017 0 P 0
L -0.4515214 -0.0558017 -0.4515214 -0.0158017 0 P 0
L -0.4596447 0.0713153 -0.4196447 0.0713153 0 P 0
L -0.4596447 0.0713153 -0.4596447 0.1113153 0 P 0
L -0.4596447 0.1113153 -0.4196447 0.1113153 0 P 0
L -0.4601956 -0.1841219 -0.4601956 -0.1441219 0 P 0
L -0.4620044 0.0252514 -0.4620044 0.0652514 0 P 0
L -0.4638976 -0.0072047 -0.4238976 -0.0072047 0 P 0
L -0.4638976 -0.0072047 -0.4638976 0.0327953 0 P 0
L -0.4638976 0.0327953 -0.4238976 0.0327953 0 P 0
L -0.4648819 -0.0327953 -0.4248819 -0.0327953 0 P 0
L -0.4648819 -0.0327953 -0.4648819 0.0072047 0 P 0
L -0.4648819 0.0072047 -0.4248819 0.0072047 0 P 0
L -0.480055 -0.1981883 -0.480055 -0.1581883 0 P 0
L -0.4855512 -0.0180315 -0.4455512 -0.0180315 0 P 0
L -0.4855512 -0.0180315 -0.4855512 0.0219685 0 P 0
L -0.4855512 0.0219685 -0.4455512 0.0219685 0 P 0
L -0.4898025 -0.115336 -0.4898025 -0.075336 0 P 0
L -0.4905447 0.0448598 -0.4505447 0.0448598 0 P 0
L -0.4905447 0.0448598 -0.4905447 0.0848598 0 P 0
L -0.4905447 0.0848598 -0.4505447 0.0848598 0 P 0
L -0.5001956 -0.1441219 -0.4601956 -0.1441219 0 P 0
L -0.5001956 -0.1841219 -0.4601956 -0.1841219 0 P 0
L -0.5001956 -0.1841219 -0.5001956 -0.1441219 0 P 0
L -0.5020044 0.0252514 -0.4620044 0.0252514 0 P 0
L -0.5020044 0.0252514 -0.5020044 0.0652514 0 P 0
L -0.5020044 0.0652514 -0.4620044 0.0652514 0 P 0
L -0.5079189 0.011618 -0.5079189 0.051618 0 P 0
L -0.5128466 -0.1309556 -0.5128466 -0.0909556 0 P 0
L -0.5155208 -0.2592894 -0.5155208 -0.2192894 0 P 0
L -0.520055 -0.1581883 -0.480055 -0.1581883 0 P 0
L -0.520055 -0.1981883 -0.480055 -0.1981883 0 P 0
L -0.520055 -0.1981883 -0.520055 -0.1581883 0 P 0
L -0.5245041 -0.2417691 -0.5245041 -0.2017691 0 P 0
L -0.5298025 -0.075336 -0.4898025 -0.075336 0 P 0
L -0.5298025 -0.115336 -0.4898025 -0.115336 0 P 0
L -0.5298025 -0.115336 -0.5298025 -0.075336 0 P 0
L -0.5299316 -0.077964 -0.5299316 -0.037964 0 P 0
L -0.537106 -0.2698172 -0.537106 -0.2298172 0 P 0
L -0.540026 -0.0572674 -0.540026 -0.0172674 0 P 0
L -0.5479189 0.011618 -0.5079189 0.011618 0 P 0
L -0.5479189 0.011618 -0.5479189 0.051618 0 P 0
L -0.5479189 0.051618 -0.5079189 0.051618 0 P 0
L -0.5528466 -0.0909556 -0.5128466 -0.0909556 0 P 0
L -0.5528466 -0.1309556 -0.5128466 -0.1309556 0 P 0
L -0.5528466 -0.1309556 -0.5528466 -0.0909556 0 P 0
L -0.5555208 -0.2192894 -0.5155208 -0.2192894 0 P 0
L -0.5555208 -0.2592894 -0.5155208 -0.2592894 0 P 0
L -0.5555208 -0.2592894 -0.5555208 -0.2192894 0 P 0
L -0.5645041 -0.2017691 -0.5245041 -0.2017691 0 P 0
L -0.5645041 -0.2417691 -0.5245041 -0.2417691 0 P 0
L -0.5645041 -0.2417691 -0.5645041 -0.2017691 0 P 0
L -0.5686926 -0.258941 -0.5686926 -0.218941 0 P 0
L -0.5689426 -0.1057516 -0.5689426 -0.0657516 0 P 0
L -0.5699316 -0.037964 -0.5299316 -0.037964 0 P 0
L -0.5699316 -0.077964 -0.5299316 -0.077964 0 P 0
L -0.5699316 -0.077964 -0.5699316 -0.037964 0 P 0
L -0.573757 -0.1728107 -0.553757 -0.1328107 0 P 0
L -0.5741043 -0.2080226 -0.5541043 -0.1680226 0 P 0
L -0.577106 -0.2298172 -0.537106 -0.2298172 0 P 0
L -0.577106 -0.2698172 -0.537106 -0.2698172 0 P 0
L -0.577106 -0.2698172 -0.577106 -0.2298172 0 P 0
L -0.5792175 -0.0406781 -0.5792175 -0.0006781 0 P 0
L -0.580026 -0.0172674 -0.540026 -0.0172674 0 P 0
L -0.580026 -0.0572674 -0.540026 -0.0572674 0 P 0
L -0.580026 -0.0572674 -0.580026 -0.0172674 0 P 0
L -0.5806605 -0.1586564 -0.5606605 -0.1186564 0 P 0
L -0.5879112 -0.1797141 -0.5679112 -0.1397141 0 P 0
L -0.5880245 -0.2552287 -0.5880245 -0.2152287 0 P 0
L -0.5882585 -0.214926 -0.5682585 -0.174926 0 P 0
L -0.5886217 -0.1372514 -0.5886217 -0.0972514 0 P 0
L -0.593757 -0.1328107 -0.553757 -0.1328107 0 P 0
L -0.593757 -0.1328107 -0.573757 -0.1728107 0 P 0
L -0.5941043 -0.1680226 -0.5541043 -0.1680226 0 P 0
L -0.5941043 -0.1680226 -0.5741043 -0.2080226 0 P 0
L -0.6006605 -0.1186564 -0.5606605 -0.1186564 0 P 0
L -0.6006605 -0.1186564 -0.5806605 -0.1586564 0 P 0
L -0.6020655 -0.1866176 -0.5820655 -0.1466176 0 P 0
L -0.6023429 -0.1180998 -0.6023429 -0.0780998 0 P 0
L -0.6024128 -0.2218295 -0.5824128 -0.1818295 0 P 0
L -0.6079112 -0.1397141 -0.5679112 -0.1397141 0 P 0
L -0.6079112 -0.1397141 -0.5879112 -0.1797141 0 P 0
L -0.6082585 -0.174926 -0.5682585 -0.174926 0 P 0
L -0.6082585 -0.174926 -0.5882585 -0.214926 0 P 0
L -0.6086926 -0.218941 -0.5686926 -0.218941 0 P 0
L -0.6086926 -0.258941 -0.5686926 -0.258941 0 P 0
L -0.6086926 -0.258941 -0.6086926 -0.218941 0 P 0
L -0.6089426 -0.0657516 -0.5689426 -0.0657516 0 P 0
L -0.6089426 -0.1057516 -0.5689426 -0.1057516 0 P 0
L -0.6089426 -0.1057516 -0.6089426 -0.0657516 0 P 0
L -0.6093163 -0.2076753 -0.5893163 -0.1676753 0 P 0
L -0.614173 -0.2285594 -0.614173 -0.1885594 0 P 0
L -0.6192175 -0.0006781 -0.5792175 -0.0006781 0 P 0
L -0.6192175 -0.0406781 -0.5792175 -0.0406781 0 P 0
L -0.6192175 -0.0406781 -0.6192175 -0.0006781 0 P 0
L -0.6201204 -0.0996125 -0.6201204 -0.0596125 0 P 0
L -0.6220655 -0.1466176 -0.5820655 -0.1466176 0 P 0
L -0.6220655 -0.1466176 -0.6020655 -0.1866176 0 P 0
L -0.6224128 -0.1818295 -0.5824128 -0.1818295 0 P 0
L -0.6224128 -0.1818295 -0.6024128 -0.2218295 0 P 0
L -0.6280245 -0.2152287 -0.5880245 -0.2152287 0 P 0
L -0.6280245 -0.2552287 -0.5880245 -0.2552287 0 P 0
L -0.6280245 -0.2552287 -0.6280245 -0.2152287 0 P 0
L -0.6282239 -0.3142583 -0.6282239 -0.2742583 0 P 0
L -0.6286217 -0.0972514 -0.5886217 -0.0972514 0 P 0
L -0.6286217 -0.1372514 -0.5886217 -0.1372514 0 P 0
L -0.6286217 -0.1372514 -0.6286217 -0.0972514 0 P 0
L -0.6293163 -0.1676753 -0.5893163 -0.1676753 0 P 0
L -0.6293163 -0.1676753 -0.6093163 -0.2076753 0 P 0
L -0.6423429 -0.0780998 -0.6023429 -0.0780998 0 P 0
L -0.6423429 -0.1180998 -0.6023429 -0.1180998 0 P 0
L -0.6423429 -0.1180998 -0.6423429 -0.0780998 0 P 0
L -0.6457596 -0.2176833 -0.6457596 -0.1776833 0 P 0
L -0.654173 -0.1885594 -0.614173 -0.1885594 0 P 0
L -0.654173 -0.2285594 -0.614173 -0.2285594 0 P 0
L -0.654173 -0.2285594 -0.654173 -0.1885594 0 P 0
L -0.6573197 -0.1400954 -0.6573197 -0.1000954 0 P 0
L -0.6601204 -0.0596125 -0.6201204 -0.0596125 0 P 0
L -0.6601204 -0.0996125 -0.6201204 -0.0996125 0 P 0
L -0.6601204 -0.0996125 -0.6601204 -0.0596125 0 P 0
L -0.6682239 -0.2742583 -0.6282239 -0.2742583 0 P 0
L -0.6682239 -0.3142583 -0.6282239 -0.3142583 0 P 0
L -0.6682239 -0.3142583 -0.6682239 -0.2742583 0 P 0
L -0.6756203 -0.2103457 -0.6756203 -0.1703457 0 P 0
L -0.6798031 -0.0938189 -0.6798031 -0.0538189 0 P 0
L -0.6842496 -0.1926529 -0.6842496 -0.1526529 0 P 0
L -0.6857596 -0.1776833 -0.6457596 -0.1776833 0 P 0
L -0.6857596 -0.2176833 -0.6457596 -0.2176833 0 P 0
L -0.6857596 -0.2176833 -0.6857596 -0.1776833 0 P 0
L -0.6963307 -0.167883 -0.6963307 -0.127883 0 P 0
L -0.6973197 -0.1000954 -0.6573197 -0.1000954 0 P 0
L -0.6973197 -0.1400954 -0.6573197 -0.1400954 0 P 0
L -0.6973197 -0.1400954 -0.6973197 -0.1000954 0 P 0
L -0.6994882 -0.129252 -0.6994882 -0.089252 0 P 0
L -0.7156203 -0.1703457 -0.6756203 -0.1703457 0 P 0
L -0.7156203 -0.2103457 -0.6756203 -0.2103457 0 P 0
L -0.7156203 -0.2103457 -0.7156203 -0.1703457 0 P 0
L -0.7198031 -0.0538189 -0.6798031 -0.0538189 0 P 0
L -0.7198031 -0.0938189 -0.6798031 -0.0938189 0 P 0
L -0.7198031 -0.0938189 -0.7198031 -0.0538189 0 P 0
L -0.7242496 -0.1526529 -0.6842496 -0.1526529 0 P 0
L -0.7242496 -0.1926529 -0.6842496 -0.1926529 0 P 0
L -0.7242496 -0.1926529 -0.7242496 -0.1526529 0 P 0
L -0.7363307 -0.127883 -0.6963307 -0.127883 0 P 0
L -0.7363307 -0.167883 -0.6963307 -0.167883 0 P 0
L -0.7363307 -0.167883 -0.7363307 -0.127883 0 P 0
L -0.7381014 -0.3242111 -0.7281014 -0.3242111 0 P 0
L -0.7381014 -0.3342111 -0.7281014 -0.3242111 0 P 0
L -0.7381014 -0.3342111 -0.7281014 -0.3442111 0 P 0
L -0.7381014 -0.3442111 -0.7281014 -0.3442111 0 P 0
L -0.7394882 -0.089252 -0.6994882 -0.089252 0 P 0
L -0.7394882 -0.129252 -0.6994882 -0.129252 0 P 0
L -0.7394882 -0.129252 -0.7394882 -0.089252 0 P 0
L -0.7481014 -0.3142111 -0.7381014 -0.3242111 0 P 0
L -0.7481014 -0.3542111 -0.7381014 -0.3442111 0 P 0
L -0.7581014 -0.3242111 -0.7481014 -0.3142111 0 P 0
L -0.7581014 -0.3442111 -0.7481014 -0.3542111 0 P 0
L -0.758812 -0.2817485 -0.748812 -0.2817485 0 P 0
L -0.758812 -0.2917485 -0.748812 -0.2817485 0 P 0
L -0.758812 -0.2917485 -0.748812 -0.3017485 0 P 0
L -0.758812 -0.3017485 -0.748812 -0.3017485 0 P 0
L -0.7681014 -0.3242111 -0.7581014 -0.3242111 0 P 0
L -0.7681014 -0.3242111 -0.7581014 -0.3342111 0 P 0
L -0.7681014 -0.3442111 -0.7581014 -0.3342111 0 P 0
L -0.7681014 -0.3442111 -0.7581014 -0.3442111 0 P 0
L -0.768812 -0.2717485 -0.758812 -0.2817485 0 P 0
L -0.768812 -0.3117485 -0.758812 -0.3017485 0 P 0
L -0.778812 -0.2817485 -0.768812 -0.2717485 0 P 0
L -0.778812 -0.3017485 -0.768812 -0.3117485 0 P 0
L -0.7795223 -0.2392858 -0.7695223 -0.2392858 0 P 0
L -0.7795223 -0.2492858 -0.7695223 -0.2392858 0 P 0
L -0.7795223 -0.2492858 -0.7695223 -0.2592858 0 P 0
L -0.7795223 -0.2592858 -0.7695223 -0.2592858 0 P 0
L -0.788812 -0.2817485 -0.778812 -0.2817485 0 P 0
L -0.788812 -0.2817485 -0.778812 -0.2917485 0 P 0
L -0.788812 -0.3017485 -0.778812 -0.2917485 0 P 0
L -0.788812 -0.3017485 -0.778812 -0.3017485 0 P 0
L -0.7895223 -0.2292858 -0.7795223 -0.2392858 0 P 0
L -0.7895223 -0.2692858 -0.7795223 -0.2592858 0 P 0
L -0.7995223 -0.2392858 -0.7895223 -0.2292858 0 P 0
L -0.7995223 -0.2592858 -0.7895223 -0.2692858 0 P 0
L -0.8002328 -0.1968232 -0.7902328 -0.1968232 0 P 0
L -0.8002328 -0.2068232 -0.7902328 -0.1968232 0 P 0
L -0.8002328 -0.2068232 -0.7902328 -0.2168232 0 P 0
L -0.8002328 -0.2168232 -0.7902328 -0.2168232 0 P 0
L -0.8095223 -0.2392858 -0.7995223 -0.2392858 0 P 0
L -0.8095223 -0.2392858 -0.7995223 -0.2492858 0 P 0
L -0.8095223 -0.2592858 -0.7995223 -0.2492858 0 P 0
L -0.8095223 -0.2592858 -0.7995223 -0.2592858 0 P 0
L -0.8102328 -0.1868232 -0.8002328 -0.1968232 0 P 0
L -0.8102328 -0.2268232 -0.8002328 -0.2168232 0 P 0
L -0.8202328 -0.1968232 -0.8102328 -0.1868232 0 P 0
L -0.8202328 -0.2168232 -0.8102328 -0.2268232 0 P 0
L -0.8302328 -0.1968232 -0.8202328 -0.1968232 0 P 0
L -0.8302328 -0.1968232 -0.8202328 -0.2068232 0 P 0
L -0.8302328 -0.2168232 -0.8202328 -0.2068232 0 P 0
L -0.8302328 -0.2168232 -0.8202328 -0.2168232 0 P 0
