#Layer_Color=16711935
#
#Feature symbol names
#
$0 r3.937

#
#Feature attribute names
#

#
#Layer features
#
L -0.0178256 0.0988189 -0.0178256 0.1236221 0 P 0
L -0.0308177 0.0988189 -0.0178256 0.0988189 0 P 0
L -0.0308179 0.1236221 -0.0178256 0.1236221 0 P 0
L -0.0308179 0.1236221 -0.0308177 0.0988189 0 P 0
L -0.0655427 0.0144558 -0.0546697 -0.0078372 0 P 0
L -0.066347 -0.0135325 -0.0546697 -0.0078372 0 P 0
L -0.07722 0.0087604 -0.0655427 0.0144558 0 P 0
L -0.07722 0.0087604 -0.066347 -0.0135325 0 P 0
L -0.0801181 0.1423268 -0.0801181 0.155319 0 P 0
L -0.0801182 0.181496 -0.0801182 0.1944881 0 P 0
L -0.0950477 -0.0113626 -0.0893524 -0.0230399 0 P 0
L -0.0978346 0.0301181 -0.0978346 0.0505905 0 P 0
L -0.1049212 0.1553191 -0.0801181 0.155319 0 P 0
L -0.1049213 0.1423269 -0.0801181 0.1423268 0 P 0
L -0.1049213 0.1423269 -0.1049212 0.1553191 0 P 0
L -0.1049213 0.1944884 -0.0801182 0.1944881 0 P 0
L -0.1049214 0.1814962 -0.0801182 0.181496 0 P 0
L -0.1049214 0.1814962 -0.1049213 0.1944884 0 P 0
L -0.1116453 -0.0339129 -0.0893524 -0.0230399 0 P 0
L -0.1173407 -0.0222356 -0.0950477 -0.0113626 0 P 0
L -0.1173407 -0.0222356 -0.1116453 -0.0339129 0 P 0
L -0.1383858 0.0301181 -0.0978346 0.0301181 0 P 0
L -0.1383858 0.0301181 -0.1383858 0.0505905 0 P 0
L -0.1383858 0.0505905 -0.0978346 0.0505905 0 P 0
L -0.1535865 -0.0370296 -0.144612 -0.0554301 0 P 0
L -0.1735482 -0.0084101 -0.1678529 -0.0200872 0 P 0
L -0.1755906 0.1076771 -0.1755906 0.1324803 0 P 0
L -0.1810591 -0.0732066 -0.144612 -0.0554301 0 P 0
L -0.1865831 0.0176673 -0.1808877 0.0059902 0 P 0
L -0.1870511 0.0633399 -0.1780766 0.0449394 0 P 0
L -0.1885827 0.1076771 -0.1755906 0.1076771 0 P 0
L -0.1885827 0.1076771 -0.1885827 0.1324803 0 P 0
L -0.1885827 0.1324803 -0.1755906 0.1324803 0 P 0
L -0.1900336 -0.0548061 -0.1535865 -0.0370296 0 P 0
L -0.1900336 -0.0548061 -0.1810591 -0.0732066 0 P 0
L -0.1901457 -0.0309603 -0.1678529 -0.0200872 0 P 0
L -0.1958411 -0.0192829 -0.1735482 -0.0084101 0 P 0
L -0.1958411 -0.0192829 -0.1901457 -0.0309603 0 P 0
L -0.2031806 -0.0048827 -0.1808877 0.0059902 0 P 0
L -0.208876 0.0067944 -0.1865831 0.0176673 0 P 0
L -0.208876 0.0067944 -0.2031806 -0.0048827 0 P 0
L -0.2092815 0.1293308 -0.2092814 0.1698819 0 P 0
L -0.2145237 0.0271629 -0.1780766 0.0449394 0 P 0
L -0.2234982 0.0455634 -0.1870511 0.0633399 0 P 0
L -0.2234982 0.0455634 -0.2145237 0.0271629 0 P 0
L -0.2239846 0.0939524 -0.2182892 0.082275 0 P 0
L -0.2297536 0.1293308 -0.2092815 0.1293308 0 P 0
L -0.2297538 0.169882 -0.2092814 0.1698819 0 P 0
L -0.2297538 0.169882 -0.2297536 0.1293308 0 P 0
L -0.2405823 0.0714021 -0.2182892 0.082275 0 P 0
L -0.2462777 0.0830794 -0.2239846 0.0939524 0 P 0
L -0.2462777 0.0830794 -0.2405823 0.0714021 0 P 0
L -0.254326 -0.0250479 -0.2453515 -0.0434482 0 P 0
L -0.2614109 0.1313735 -0.2505379 0.1090803 0 P 0
L -0.2622153 0.1033851 -0.2505379 0.1090803 0 P 0
L -0.2630311 0.1724201 -0.2573356 0.160743 0 P 0
L -0.2633596 0.0141255 -0.2543851 -0.0042751 0 P 0
L -0.2730883 0.1256781 -0.2614109 0.1313735 0 P 0
L -0.2730883 0.1256781 -0.2622153 0.1033851 0 P 0
L -0.2796284 0.1498699 -0.2573356 0.160743 0 P 0
L -0.2806184 0.0495109 -0.2716439 0.0311106 0 P 0
L -0.2817985 -0.0612246 -0.2453515 -0.0434482 0 P 0
L -0.285324 0.1615472 -0.2630311 0.1724201 0 P 0
L -0.285324 0.1615472 -0.2796284 0.1498699 0 P 0
L -0.2907729 -0.0428241 -0.254326 -0.0250479 0 P 0
L -0.2907729 -0.0428241 -0.2817985 -0.0612246 0 P 0
L -0.2908322 -0.0220515 -0.2543851 -0.0042751 0 P 0
L -0.2978771 0.0848967 -0.2889026 0.0664963 0 P 0
L -0.2998068 -0.003651 -0.2633596 0.0141255 0 P 0
L -0.2998068 -0.003651 -0.2908322 -0.0220515 0 P 0
L -0.3066845 0.1444566 -0.2958115 0.1221637 0 P 0
L -0.3074888 0.1164683 -0.2958115 0.1221637 0 P 0
L -0.308091 0.0133339 -0.2716439 0.0311106 0 P 0
L -0.3154739 -0.056843 -0.3046013 -0.0791359 0 P 0
L -0.3162784 -0.0848312 -0.3046013 -0.0791359 0 P 0
L -0.3170655 0.0317347 -0.2806184 0.0495109 0 P 0
L -0.3170655 0.0317347 -0.308091 0.0133339 0 P 0
L -0.3183618 0.1387613 -0.3066845 0.1444566 0 P 0
L -0.3183618 0.1387613 -0.3074888 0.1164683 0 P 0
L -0.3253497 0.0487197 -0.2889026 0.0664963 0 P 0
L -0.3271511 -0.0625382 -0.3154739 -0.056843 0 P 0
L -0.3271511 -0.0625382 -0.3162784 -0.0848312 0 P 0
L -0.3343242 0.0671202 -0.2978771 0.0848967 0 P 0
L -0.3343242 0.0671202 -0.3253497 0.0487197 0 P 0
L -0.3345456 0.13112 -0.3236726 0.1088273 0 P 0
L -0.3353498 0.1031319 -0.3236726 0.1088273 0 P 0
L -0.3401762 -0.0888262 -0.3344808 -0.1005036 0 P 0
L -0.3462229 0.1254246 -0.3345456 0.13112 0 P 0
L -0.3462229 0.1254246 -0.3353498 0.1031319 0 P 0
L -0.3522572 -0.0640565 -0.346562 -0.0757337 0 P 0
L -0.3567736 -0.1113766 -0.3344808 -0.1005036 0 P 0
L -0.3624691 -0.0996992 -0.3401762 -0.0888262 0 P 0
L -0.3624691 -0.0996992 -0.3567736 -0.1113766 0 P 0
L -0.3641459 0.0070248 -0.3532729 -0.0152682 0 P 0
L -0.36495 -0.0209636 -0.3532729 -0.0152682 0 P 0
L -0.368855 -0.0866066 -0.346562 -0.0757337 0 P 0
L -0.3745502 -0.0749294 -0.3522572 -0.0640565 0 P 0
L -0.3745502 -0.0749294 -0.368855 -0.0866066 0 P 0
L -0.3758231 0.0013294 -0.3641459 0.0070248 0 P 0
L -0.3758231 0.0013294 -0.36495 -0.0209636 0 P 0
L -0.3833644 0.102555 -0.3655882 0.0661081 0 P 0
L -0.3839884 0.0571335 -0.3655882 0.0661081 0 P 0
L -0.3864379 -0.1376717 -0.3807424 -0.1493488 0 P 0
L -0.4000717 -0.1007369 -0.3910972 -0.1191376 0 P 0
L -0.4017649 0.0935806 -0.3833644 0.102555 0 P 0
L -0.4017649 0.0935806 -0.3839884 0.0571335 0 P 0
L -0.4030355 -0.1602217 -0.3807424 -0.1493488 0 P 0
L -0.4087308 -0.1485445 -0.3864379 -0.1376717 0 P 0
L -0.4087308 -0.1485445 -0.4030355 -0.1602217 0 P 0
L -0.4275444 -0.136914 -0.3910972 -0.1191376 0 P 0
L -0.4290934 -0.0618852 -0.4233981 -0.0735625 0 P 0
L -0.4365188 -0.1185135 -0.4000717 -0.1007369 0 P 0
L -0.4365188 -0.1185135 -0.4275444 -0.136914 0 P 0
L -0.4456909 -0.0844355 -0.4233981 -0.0735625 0 P 0
L -0.4513865 -0.0727582 -0.4290934 -0.0618852 0 P 0
L -0.4513865 -0.0727582 -0.4456909 -0.0844355 0 P 0
L -0.4828663 -0.158197 -0.477171 -0.1698743 0 P 0
L -0.4994638 -0.1807473 -0.477171 -0.1698743 0 P 0
L -0.5051593 -0.1690701 -0.4828663 -0.158197 0 P 0
L -0.5051593 -0.1690701 -0.4994638 -0.1807473 0 P 0
L -0.513932 -0.0945029 -0.5082368 -0.1061802 0 P 0
L -0.5305296 -0.1170532 -0.5082368 -0.1061802 0 P 0
L -0.5362249 -0.1053758 -0.513932 -0.0945029 0 P 0
L -0.5362249 -0.1053758 -0.5305296 -0.1170532 0 P 0
L -0.5381917 -0.2333644 -0.5324962 -0.2450416 0 P 0
L -0.5547893 -0.2559148 -0.5324962 -0.2450416 0 P 0
L -0.5604845 -0.2442374 -0.5381917 -0.2333644 0 P 0
L -0.5604845 -0.2442374 -0.5547893 -0.2559148 0 P 0
L -0.5629615 -0.2454455 -0.5572662 -0.2571228 0 P 0
L -0.5639145 -0.011787 -0.5530414 -0.0340799 0 P 0
L -0.5642532 -0.1978921 -0.5585578 -0.2095694 0 P 0
L -0.5647188 -0.0397753 -0.5530414 -0.0340799 0 P 0
L -0.5678681 -0.0288226 -0.5621729 -0.0404999 0 P 0
L -0.5755917 -0.0174824 -0.5639145 -0.011787 0 P 0
L -0.5755917 -0.0174824 -0.5647188 -0.0397753 0 P 0
L -0.5795592 -0.2679958 -0.5572662 -0.2571228 0 P 0
L -0.5808508 -0.2204423 -0.5585578 -0.2095694 0 P 0
L -0.5816753 -0.000514 -0.5759798 -0.0121916 0 P 0
L -0.5844656 -0.0513729 -0.5621729 -0.0404999 0 P 0
L -0.5852545 -0.2563185 -0.5629615 -0.2454455 0 P 0
L -0.5852545 -0.2563185 -0.5795592 -0.2679958 0 P 0
L -0.5865462 -0.208765 -0.5642532 -0.1978921 0 P 0
L -0.5865462 -0.208765 -0.5808508 -0.2204423 0 P 0
L -0.5901611 -0.0396956 -0.5678681 -0.0288226 0 P 0
L -0.5901611 -0.0396956 -0.5844656 -0.0513729 0 P 0
L -0.5958516 -0.0186032 -0.5780752 -0.0550503 0 P 0
L -0.5964754 -0.0640248 -0.5780752 -0.0550503 0 P 0
L -0.5982727 -0.0230644 -0.5759798 -0.0121916 0 P 0
L -0.6039681 -0.0113873 -0.5816753 -0.000514 0 P 0
L -0.6039681 -0.0113873 -0.5982727 -0.0230644 0 P 0
L -0.6060977 0.0226168 -0.6004024 0.0109397 0 P 0
L -0.6142519 -0.0275775 -0.5958516 -0.0186032 0 P 0
L -0.6142519 -0.0275775 -0.5964754 -0.0640248 0 P 0
L -0.6193075 -0.067052 -0.613612 -0.0787293 0 P 0
L -0.6226952 0.0000665 -0.6004024 0.0109397 0 P 0
L -0.6283906 0.0117437 -0.6060977 0.0226168 0 P 0
L -0.6283906 0.0117437 -0.6226952 0.0000665 0 P 0
L -0.634368 -0.0765878 -0.6234951 -0.0988808 0 P 0
L -0.6351724 -0.1045762 -0.6234951 -0.0988808 0 P 0
L -0.6359051 -0.0896024 -0.613612 -0.0787293 0 P 0
L -0.6404625 -0.2482027 -0.6347672 -0.2598799 0 P 0
L -0.6416004 -0.0779251 -0.6193075 -0.067052 0 P 0
L -0.6416004 -0.0779251 -0.6359051 -0.0896024 0 P 0
L -0.6460454 -0.0822832 -0.634368 -0.0765878 0 P 0
L -0.6460454 -0.0822832 -0.6351724 -0.1045762 0 P 0
L -0.6514254 -0.2885923 -0.64573 -0.3002696 0 P 0
L -0.6542695 -0.2198943 -0.6485741 -0.2315715 0 P 0
L -0.6556378 -0.0015453 -0.6499423 -0.0132224 0 P 0
L -0.6570601 -0.2707529 -0.6347672 -0.2598799 0 P 0
L -0.6627555 -0.2590756 -0.6404625 -0.2482027 0 P 0
L -0.6627555 -0.2590756 -0.6570601 -0.2707529 0 P 0
L -0.668023 -0.3111426 -0.64573 -0.3002696 0 P 0
L -0.6680764 -0.1915858 -0.662381 -0.2032631 0 P 0
L -0.6708671 -0.2424445 -0.6485741 -0.2315715 0 P 0
L -0.6722354 -0.0240955 -0.6499423 -0.0132224 0 P 0
L -0.6737183 -0.2994654 -0.6514254 -0.2885923 0 P 0
L -0.6737183 -0.2994654 -0.668023 -0.3111426 0 P 0
L -0.6765623 -0.2307672 -0.6542695 -0.2198943 0 P 0
L -0.6765623 -0.2307672 -0.6708671 -0.2424445 0 P 0
L -0.6779306 -0.0124183 -0.6556378 -0.0015453 0 P 0
L -0.6779306 -0.0124183 -0.6722354 -0.0240955 0 P 0
L -0.6807652 -0.2284367 -0.6750699 -0.2401139 0 P 0
L -0.684674 -0.2141362 -0.662381 -0.2032631 0 P 0
L -0.6853351 -0.1562002 -0.6796398 -0.1678775 0 P 0
L -0.6903694 -0.2024589 -0.6680764 -0.1915858 0 P 0
L -0.6903694 -0.2024589 -0.684674 -0.2141362 0 P 0
L -0.6928463 -0.2036668 -0.6871509 -0.215344 0 P 0
L -0.6941867 -0.250314 -0.6833138 -0.272607 0 P 0
L -0.6949911 -0.2783024 -0.6833138 -0.272607 0 P 0
L -0.6973628 -0.2509868 -0.6750699 -0.2401139 0 P 0
L -0.6974162 -0.1314303 -0.6917209 -0.1431076 0 P 0
L -0.6993784 -0.1009296 -0.693683 -0.1126069 0 P 0
L -0.7019327 -0.1787505 -0.6796398 -0.1678775 0 P 0
L -0.7030582 -0.2393097 -0.6807652 -0.2284367 0 P 0
L -0.7030582 -0.2393097 -0.6973628 -0.2509868 0 P 0
L -0.7038857 -0.0732611 -0.6981903 -0.0849384 0 P 0
L -0.705864 -0.2560094 -0.6941867 -0.250314 0 P 0
L -0.705864 -0.2560094 -0.6949911 -0.2783024 0 P 0
L -0.707628 -0.1670732 -0.6853351 -0.1562002 0 P 0
L -0.707628 -0.1670732 -0.7019327 -0.1787505 0 P 0
L -0.7094438 -0.226217 -0.6871509 -0.215344 0 P 0
L -0.7140137 -0.1539806 -0.6917209 -0.1431076 0 P 0
L -0.7151393 -0.2145398 -0.6928463 -0.2036668 0 P 0
L -0.7151393 -0.2145398 -0.7094438 -0.226217 0 P 0
L -0.715976 -0.1234798 -0.693683 -0.1126069 0 P 0
L -0.7197092 -0.1423033 -0.6974162 -0.1314303 0 P 0
L -0.7197092 -0.1423033 -0.7140137 -0.1539806 0 P 0
L -0.7204834 -0.0958114 -0.6981903 -0.0849384 0 P 0
L -0.7216714 -0.1118025 -0.6993784 -0.1009296 0 P 0
L -0.7216714 -0.1118025 -0.715976 -0.1234798 0 P 0
L -0.7261786 -0.0841341 -0.7038857 -0.0732611 0 P 0
L -0.7261786 -0.0841341 -0.7204834 -0.0958114 0 P 0
