#Layer_Color=9474304
#
#Feature symbol names
#
$0 r5

#
#Feature attribute names
#

#
#Layer features
#
L -0.0250214 0.1197254 -0.0250214 0.1257254 0 P 0
L -0.0262027 0.0941348 -0.0262027 0.1001348 0 P 0
L -0.0280214 0.1227254 -0.0220214 0.1227254 0 P 0
L -0.0292027 0.0971348 -0.0232027 0.0971348 0 P 0
L -0.0797244 0.1426693 -0.0797244 0.1486693 0 P 0
L -0.0827244 0.1456693 -0.0767244 0.1456693 0 P 0
L -0.0956693 0.0353261 -0.0956693 0.0413261 0 P 0
L -0.0986693 0.0383261 -0.0926693 0.0383261 0 P 0
L -0.1043307 0.1450315 -0.1043307 0.1510315 0 P 0
L -0.1073307 0.1480315 -0.1013307 0.1480315 0 P 0
L -0.1151575 0.0019213 -0.1151575 0.0079213 0 P 0
L -0.1181575 0.0049213 -0.1121575 0.0049213 0 P 0
L -0.1220472 0.098378 -0.1220472 0.104378 0 P 0
L -0.1250472 0.101378 -0.1190472 0.101378 0 P 0
L -0.1309055 0.1446378 -0.1309055 0.1506378 0 P 0
L -0.1339055 0.1476378 -0.1279055 0.1476378 0 P 0
L -0.1732283 -0.0167795 -0.1732283 -0.0107795 0 P 0
L -0.1732283 0.1436535 -0.1732283 0.1496535 0 P 0
L -0.1761811 0.0462126 -0.1761811 0.0522126 0 P 0
L -0.1762283 -0.0137795 -0.1702283 -0.0137795 0 P 0
L -0.1762283 0.1466535 -0.1702283 0.1466535 0 P 0
L -0.1791811 0.0492126 -0.1731811 0.0492126 0 P 0
L -0.1801181 0.1879449 -0.1801181 0.1939449 0 P 0
L -0.1831181 0.1909449 -0.1771181 0.1909449 0 P 0
L -0.1879921 -0.0543158 -0.1879921 -0.0483158 0 P 0
L -0.1909921 -0.0513158 -0.1849921 -0.0513158 0 P 0
L -0.1929134 -0.0279226 -0.1929134 -0.0219226 0 P 0
L -0.1959134 -0.0249226 -0.1899134 -0.0249226 0 P 0
L -0.2057087 0.0786929 -0.2057087 0.0846929 0 P 0
L -0.2087087 0.0816929 -0.2027087 0.0816929 0 P 0
L -0.2125984 -0.0628425 -0.2125984 -0.0568425 0 P 0
L -0.2155984 -0.0598425 -0.2095984 -0.0598425 0 P 0
L -0.2185039 0.1633386 -0.2185039 0.1693386 0 P 0
L -0.2195175 -0.0931453 -0.2195175 -0.0871453 0 P 0
L -0.2205088 -0.0448445 -0.2205088 -0.0388445 0 P 0
L -0.2214567 0.0629449 -0.2214567 0.0689449 0 P 0
L -0.2215039 0.1663386 -0.2155039 0.1663386 0 P 0
L -0.2225175 -0.0901453 -0.2165175 -0.0901453 0 P 0
L -0.2235088 -0.0418445 -0.2175088 -0.0418445 0 P 0
L -0.2244567 0.0659449 -0.2184567 0.0659449 0 P 0
L -0.2468978 0.1367638 -0.2468978 0.1427638 0 P 0
L -0.2498978 0.1397638 -0.2438978 0.1397638 0 P 0
L -0.2567925 -0.1075654 -0.2567925 -0.1015654 0 P 0
L -0.257874 0.1576299 -0.257874 0.1636299 0 P 0
L -0.2597925 -0.1045654 -0.2537925 -0.1045654 0 P 0
L -0.260874 0.1606299 -0.254874 0.1606299 0 P 0
L -0.2629418 -0.0000596 -0.2629418 0.0059404 0 P 0
L -0.2659418 0.0029404 -0.2599418 0.0029404 0 P 0
L -0.2671633 0.1253488 -0.2671633 0.1313488 0 P 0
L -0.2701633 0.1283488 -0.2641633 0.1283488 0 P 0
L -0.2802005 0.0353261 -0.2802005 0.0413261 0 P 0
L -0.2814961 0.1525118 -0.2814961 0.1585118 0 P 0
L -0.2824091 -0.099351 -0.2824091 -0.093351 0 P 0
L -0.2832005 0.0383261 -0.2772005 0.0383261 0 P 0
L -0.2844961 0.1555118 -0.2784961 0.1555118 0 P 0
L -0.2854091 -0.096351 -0.2794091 -0.096351 0 P 0
L -0.2926657 -0.0145569 -0.2926657 -0.0085569 0 P 0
L -0.2956657 -0.0115569 -0.2896657 -0.0115569 0 P 0
L -0.2974592 0.0707117 -0.2974592 0.0767117 0 P 0
L -0.3002886 -0.107597 -0.3002886 -0.101597 0 P 0
L -0.3004592 0.0737117 -0.2944592 0.0737117 0 P 0
L -0.3032886 -0.104597 -0.2972886 -0.104597 0 P 0
L -0.3099244 0.0208287 -0.3099244 0.0268287 0 P 0
L -0.3129244 0.0238287 -0.3069244 0.0238287 0 P 0
L -0.3212266 -0.0628675 -0.3212266 -0.0568675 0 P 0
L -0.3242266 -0.0598675 -0.3182266 -0.0598675 0 P 0
L -0.3271831 0.0562143 -0.3271831 0.0622143 0 P 0
L -0.3301831 0.0592143 -0.3241831 0.0592143 0 P 0
L -0.3390588 -0.0945664 -0.3390588 -0.0885664 0 P 0
L -0.3420588 -0.0915664 -0.3360588 -0.0915664 0 P 0
L -0.3484252 0.0304646 -0.3484252 0.0364646 0 P 0
L -0.3514252 0.0334646 -0.3454252 0.0334646 0 P 0
L -0.3531802 -0.133868 -0.3531802 -0.127868 0 P 0
L -0.3561802 -0.130868 -0.3501802 -0.130868 0 P 0
L -0.3591978 -0.0209389 -0.3591978 -0.0149389 0 P 0
L -0.3609363 0.1065588 -0.3609363 0.1125588 0 P 0
L -0.3621978 -0.0179389 -0.3561978 -0.0179389 0 P 0
L -0.3639363 0.1095588 -0.3579363 0.1095588 0 P 0
L -0.3760826 0.0612745 -0.3760826 0.0672745 0 P 0
L -0.3790578 0.0988083 -0.3790578 0.1048083 0 P 0
L -0.3790826 0.0642745 -0.3730826 0.0642745 0 P 0
L -0.3805824 -0.1450431 -0.3805824 -0.1390431 0 P 0
L -0.3809055 0.0275118 -0.3809055 0.0335118 0 P 0
L -0.3820578 0.1018083 -0.3760578 0.1018083 0 P 0
L -0.3835824 -0.1420431 -0.3775824 -0.1420431 0 P 0
L -0.3839055 0.0305118 -0.3779055 0.0305118 0 P 0
L -0.386811 -0.0315433 -0.386811 -0.0255433 0 P 0
L -0.389811 -0.0285433 -0.383811 -0.0285433 0 P 0
L -0.3996063 -0.0531969 -0.3996063 -0.0471969 0 P 0
L -0.4026063 -0.0501969 -0.3966063 -0.0501969 0 P 0
L -0.4062583 -0.1597566 -0.4062583 -0.1537566 0 P 0
L -0.4092583 -0.1567566 -0.4032583 -0.1567566 0 P 0
L -0.4264228 -0.07081 -0.4264228 -0.06481 0 P 0
L -0.4294228 -0.06781 -0.4234228 -0.06781 0 P 0
L -0.4315214 -0.0388017 -0.4315214 -0.0328017 0 P 0
L -0.4345214 -0.0358017 -0.4285214 -0.0358017 0 P 0
L -0.4396447 0.0883153 -0.4396447 0.0943153 0 P 0
L -0.4426447 0.0913153 -0.4366447 0.0913153 0 P 0
L -0.4438976 0.0097953 -0.4438976 0.0157953 0 P 0
L -0.4448819 -0.0157953 -0.4448819 -0.0097953 0 P 0
L -0.4468976 0.0127953 -0.4408976 0.0127953 0 P 0
L -0.4478819 -0.0127953 -0.4418819 -0.0127953 0 P 0
L -0.4655512 -0.0010315 -0.4655512 0.0049685 0 P 0
L -0.4685512 0.0019685 -0.4625512 0.0019685 0 P 0
L -0.4705447 0.0618598 -0.4705447 0.0678598 0 P 0
L -0.4735447 0.0648598 -0.4675447 0.0648598 0 P 0
L -0.4801956 -0.1671219 -0.4801956 -0.1611219 0 P 0
L -0.4820044 0.0422514 -0.4820044 0.0482514 0 P 0
L -0.4831956 -0.1641219 -0.4771956 -0.1641219 0 P 0
L -0.4850044 0.0452514 -0.4790044 0.0452514 0 P 0
L -0.500055 -0.1811883 -0.500055 -0.1751883 0 P 0
L -0.503055 -0.1781883 -0.497055 -0.1781883 0 P 0
L -0.5098025 -0.098336 -0.5098025 -0.092336 0 P 0
L -0.5128025 -0.095336 -0.5068025 -0.095336 0 P 0
L -0.5279189 0.028618 -0.5279189 0.034618 0 P 0
L -0.5309189 0.031618 -0.5249189 0.031618 0 P 0
L -0.5328466 -0.1139556 -0.5328466 -0.1079556 0 P 0
L -0.5355208 -0.2422894 -0.5355208 -0.2362894 0 P 0
L -0.5358466 -0.1109556 -0.5298466 -0.1109556 0 P 0
L -0.5385208 -0.2392894 -0.5325208 -0.2392894 0 P 0
L -0.5445041 -0.2247691 -0.5445041 -0.2187691 0 P 0
L -0.5475041 -0.2217691 -0.5415041 -0.2217691 0 P 0
L -0.5499316 -0.060964 -0.5499316 -0.054964 0 P 0
L -0.5529316 -0.057964 -0.5469316 -0.057964 0 P 0
L -0.557106 -0.2528172 -0.557106 -0.2468172 0 P 0
L -0.560026 -0.0402674 -0.560026 -0.0342674 0 P 0
L -0.560106 -0.2498172 -0.554106 -0.2498172 0 P 0
L -0.563026 -0.0372674 -0.557026 -0.0372674 0 P 0
L -0.573757 -0.1553107 -0.573757 -0.1503107 0 P 0
L -0.5741043 -0.1905226 -0.5741043 -0.1855226 0 P 0
L -0.576257 -0.1528107 -0.571257 -0.1528107 0 P 0
L -0.5766043 -0.1880226 -0.5716043 -0.1880226 0 P 0
L -0.5806605 -0.1411564 -0.5806605 -0.1361564 0 P 0
L -0.5831605 -0.1386564 -0.5781605 -0.1386564 0 P 0
L -0.5879112 -0.1622141 -0.5879112 -0.1572141 0 P 0
L -0.5882585 -0.197426 -0.5882585 -0.192426 0 P 0
L -0.5886926 -0.241941 -0.5886926 -0.235941 0 P 0
L -0.5889426 -0.0887516 -0.5889426 -0.0827516 0 P 0
L -0.5904112 -0.1597141 -0.5854112 -0.1597141 0 P 0
L -0.5907585 -0.194926 -0.5857585 -0.194926 0 P 0
L -0.5916926 -0.238941 -0.5856926 -0.238941 0 P 0
L -0.5919426 -0.0857516 -0.5859426 -0.0857516 0 P 0
L -0.5992175 -0.0236781 -0.5992175 -0.0176781 0 P 0
L -0.6020655 -0.1691176 -0.6020655 -0.1641176 0 P 0
L -0.6022175 -0.0206781 -0.5962175 -0.0206781 0 P 0
L -0.6024128 -0.2043295 -0.6024128 -0.1993295 0 P 0
L -0.6045655 -0.1666176 -0.5995655 -0.1666176 0 P 0
L -0.6049128 -0.2018295 -0.5999128 -0.2018295 0 P 0
L -0.6080245 -0.2382287 -0.6080245 -0.2322287 0 P 0
L -0.6086217 -0.1202514 -0.6086217 -0.1142514 0 P 0
L -0.6093163 -0.1901753 -0.6093163 -0.1851753 0 P 0
L -0.6110245 -0.2352287 -0.6050245 -0.2352287 0 P 0
L -0.6116217 -0.1172514 -0.6056217 -0.1172514 0 P 0
L -0.6118163 -0.1876753 -0.6068163 -0.1876753 0 P 0
L -0.6223429 -0.1010998 -0.6223429 -0.0950998 0 P 0
L -0.6253429 -0.0980998 -0.6193429 -0.0980998 0 P 0
L -0.634173 -0.2115594 -0.634173 -0.2055594 0 P 0
L -0.637173 -0.2085594 -0.631173 -0.2085594 0 P 0
L -0.6401204 -0.0826125 -0.6401204 -0.0766125 0 P 0
L -0.6431204 -0.0796125 -0.6371204 -0.0796125 0 P 0
L -0.6482239 -0.2972583 -0.6482239 -0.2912583 0 P 0
L -0.6512239 -0.2942583 -0.6452239 -0.2942583 0 P 0
L -0.6657596 -0.2006833 -0.6657596 -0.1946833 0 P 0
L -0.6687596 -0.1976833 -0.6627596 -0.1976833 0 P 0
L -0.6773197 -0.1230954 -0.6773197 -0.1170954 0 P 0
L -0.6803197 -0.1200954 -0.6743197 -0.1200954 0 P 0
L -0.6956203 -0.1933457 -0.6956203 -0.1873457 0 P 0
L -0.6986203 -0.1903457 -0.6926203 -0.1903457 0 P 0
L -0.6998031 -0.0768189 -0.6998031 -0.0708189 0 P 0
L -0.7028031 -0.0738189 -0.6968031 -0.0738189 0 P 0
L -0.7042496 -0.1756529 -0.7042496 -0.1696529 0 P 0
L -0.7072496 -0.1726529 -0.7012496 -0.1726529 0 P 0
L -0.7163307 -0.150883 -0.7163307 -0.144883 0 P 0
L -0.7193307 -0.147883 -0.7133307 -0.147883 0 P 0
L -0.7194882 -0.112252 -0.7194882 -0.106252 0 P 0
L -0.7224882 -0.109252 -0.7164882 -0.109252 0 P 0
L -0.7481014 -0.3460221 -0.7481014 -0.3224001 0 P 0
L -0.7599124 -0.3342111 -0.7362904 -0.3342111 0 P 0
L -0.768812 -0.3035595 -0.768812 -0.2799375 0 P 0
L -0.780623 -0.2917485 -0.757001 -0.2917485 0 P 0
L -0.7895223 -0.2610968 -0.7895223 -0.2374748 0 P 0
L -0.8013333 -0.2492858 -0.7777113 -0.2492858 0 P 0
L -0.8102328 -0.2186342 -0.8102328 -0.1950122 0 P 0
L -0.8220438 -0.2068232 -0.7984218 -0.2068232 0 P 0
